[[127, 133, 125], [216, 27, 234], [57, 91, 130], [157, 6, 189], [60, 86, 58]]
[[74, 230, 212], [130, 198, 76], [112, 214, 226], [147, 34, 18], [129, 255, 9]]
[[50, 138, 52], [238, 16, 208], [177, 125, 49], [172, 3, 100], [157, 254, 169]]
[[127, 195, 161], [78, 183, 83], [244, 41, 4], [225, 217, 208], [74, 150, 144]]
[[6, 103, 126], [183, 39, 164], [127, 239, 147], [246, 163, 114], [151, 195, 70]]
[[127, 179, 76], [210, 200, 118], [241, 0, 7], [171, 104, 105], [103, 37, 165]]
[[108, 128, 144], [164, 84, 60], [225, 36, 198], [244, 38, 123], [139, 97, 63]]
[[97, 67, 220], [115, 247, 248], [224, 146, 23], [184, 28, 11], [169, 83, 163]]
[[167, 23, 236], [136, 135, 185], [150, 178, 105], [38, 90, 233], [117, 109, 64]]
[[61, 110, 134], [216, 211, 1], [219, 105, 18], [59, 145, 230], [16, 120, 228]]
[[83, 58, 11], [43, 188, 9], [241, 117, 195], [251, 172, 16], [237, 30, 174]]
[[246, 158, 156], [80, 179, 138], [198, 115, 251], [209, 94, 2], [71, 72, 254]]
[[109, 64, 58], [95, 190, 193], [67, 37, 151], [118, 63, 216], [181, 115, 83]]
[[141, 169, 56], [35, 113, 127], [109, 207, 239], [21, 251, 87], [239, 239, 215]]
[[52, 153, 76], [115, 211, 32], [21, 238, 105], [29, 92, 155], [68, 248, 183]]
[[231, 59, 174], [106, 39, 87], [205, 1, 226], [206, 224, 206], [215, 29, 220]]
[[63, 183, 81], [2, 112, 234], [184, 20, 175], [86, 165, 22], [29, 57, 72]]
[[167, 178, 62], [108, 97, 27], [216, 28, 40], [71, 109, 183], [24, 62, 72]]
[[153, 154, 36], [157, 194, 250], [197, 71, 72], [138, 76, 81], [159, 105, 245]]
[[21, 235, 110], [241, 45, 219], [74, 223, 24], [253, 117, 68], [158, 220, 74]]
